71
260
35
4364
0 0 20 1000
1 0 7 1000
2 0 10 1000
3 0 61 1000
4 0 32 1000
5 0 11 1000
6 0 17 1000
7 0 70 1000
8 0 4 1000
9 0 55 1000
10 0 58 1000
11 0 45 1000
12 0 30 1000
13 0 67 1000
14 0 1 1000
15 0 52 1000
16 0 39 1000
17 0 66 1000
18 0 42 1000
19 0 27 1000
20 0 64 1000
21 0 14 1000
22 0 49 1000
23 0 36 1000
24 0 21 1000
25 0 24 1000
26 0 62 1000
27 0 33 1000
28 0 18 1000
29 0 5 1000
30 0 8 1000
31 0 59 1000
32 0 31 1000
33 0 68 1000
34 0 2 1000
35 0 53 1000
36 0 56 1000
37 0 43 1000
38 0 28 1000
39 0 65 1000
40 0 15 1000
41 0 50 1000
42 0 37 1000
43 0 40 1000
44 0 22 1000
45 0 25 1000
46 0 12 1000
47 0 63 1000
48 0 34 1000
49 0 26 1000
50 0 19 1000
51 0 6 1000
52 0 46 1000
53 0 9 1000
54 0 60 1000
55 0 47 1000
56 0 16 1000
57 0 69 1000
58 0 3 1000
59 0 54 1000
60 0 57 1000
61 0 44 1000
62 0 29 1000
63 0 51 1000
64 0 38 1000
65 0 41 1000
66 0 23 1000
67 0 13 1000
68 0 48 1000
69 0 35 1000
70 1 6 5
71 1 12 693
72 1 15 432
73 1 3 590
74 1 25 413
75 1 4 82
76 1 9 833
77 1 57 125
78 2 59 819
79 2 49 986
80 2 60 744
81 2 69 528
82 2 33 157
83 2 13 45
84 2 43 486
85 2 45 723
86 2 10 924
87 2 58 34
88 3 7 848
89 3 12 197
90 3 56 242
91 3 33 360
92 3 5 659
93 3 31 186
94 3 4 718
95 3 42 540
96 4 32 420
97 4 42 228
98 4 7 658
99 5 54 751
100 5 67 684
101 5 23 245
102 5 49 143
103 6 57 550
104 6 25 857
105 7 8 84
106 7 30 225
107 7 43 743
108 7 45 587
109 8 66 460
110 8 62 103
111 8 51 59
112 8 41 885
113 9 36 342
114 9 33 550
115 9 13 185
116 9 24 104
117 10 35 495
118 10 48 95
119 10 42 745
120 10 39 777
121 10 28 751
122 11 22 341
123 11 21 293
124 11 41 999
125 11 58 556
126 11 26 535
127 11 14 154
128 11 19 625
129 11 23 165
130 11 55 821
131 12 38 650
132 12 26 315
133 13 50 597
134 13 18 515
135 13 59 925
136 14 46 657
137 14 31 490
138 14 61 608
139 15 66 545
140 15 57 842
141 15 65 57
142 16 50 794
143 16 36 808
144 16 52 414
145 16 56 562
146 17 18 4
147 17 27 304
148 17 37 931
149 18 30 458
150 18 61 196
151 18 37 877
152 18 23 571
153 19 32 951
154 19 36 832
155 20 41 362
156 21 53 948
157 21 40 800
158 21 38 647
159 22 26 29
160 22 52 624
161 22 31 99
162 22 51 779
163 22 69 400
164 23 49 24
165 23 55 998
166 24 52 515
167 24 53 655
168 24 32 221
169 25 44 250
170 25 64 498
171 25 63 510
172 26 38 307
173 26 51 56
174 27 44 704
175 27 48 246
176 27 28 683
177 27 42 866
178 28 67 421
179 28 43 420
180 29 58 808
181 29 41 904
182 30 57 538
183 31 35 680
184 31 53 617
185 31 37 879
186 32 55 855
187 33 49 953
188 33 58 680
189 34 38 349
190 34 36 979
191 34 54 480
192 35 68 651
193 35 45 928
194 37 51 251
195 37 60 707
196 38 44 275
197 38 68 300
198 38 48 3
199 38 47 910
200 39 46 793
201 39 62 619
202 40 41 909
203 40 48 22
204 40 54 813
205 40 46 224
206 40 63 816
207 41 48 326
208 43 68 63
209 44 59 747
210 44 52 782
211 44 57 382
212 44 64 899
213 45 57 168
214 45 50 233
215 46 59 320
216 46 50 993
217 46 67 897
218 47 59 272
219 47 52 200
220 47 69 753
221 48 51 453
222 48 69 361
223 48 68 96
224 50 56 180
225 50 61 748
226 50 68 888
227 51 52 24
228 52 62 891
229 52 56 465
230 53 58 745
231 53 54 690
232 53 56 115
233 54 67 255
234 54 59 140
235 54 66 247
236 54 69 34
237 55 57 467
238 57 61 884
239 57 63 850
240 57 64 66
241 57 66 272
242 57 67 756
243 58 65 83
244 58 66 59
245 58 67 592
246 59 62 737
247 59 64 957
248 60 62 661
249 61 62 710
250 62 66 674
251 63 66 262
252 64 68 35
253 64 65 807
254 66 70 330
255 66 67 442
256 66 69 906
257 66 68 555
258 67 68 579
259 67 70 221
