101
400
20
1260
0 0 86 1000
1 0 89 1000
2 0 77 1000
3 0 94 1000
4 0 76 1000
5 0 98 1000
6 0 11 1000
7 0 17 1000
8 0 4 1000
9 0 55 1000
10 0 58 1000
11 0 45 1000
12 0 80 1000
13 0 67 1000
14 0 27 1000
15 0 14 1000
16 0 49 1000
17 0 36 1000
18 0 87 1000
19 0 90 1000
20 0 99 1000
21 0 18 1000
22 0 5 1000
23 0 8 1000
24 0 59 1000
25 0 46 1000
26 0 81 1000
27 0 68 1000
28 0 28 1000
29 0 50 1000
30 0 37 1000
31 0 40 1000
32 0 78 1000
33 0 100 1000
34 0 19 1000
35 0 6 1000
36 0 9 1000
37 0 69 1000
38 0 60 1000
39 0 47 1000
40 0 82 1000
41 0 72 1000
42 0 29 1000
43 0 51 1000
44 0 38 1000
45 0 41 1000
46 0 92 1000
47 0 79 1000
48 0 20 1000
49 0 7 1000
50 0 10 1000
51 0 61 1000
52 0 32 1000
53 0 83 1000
54 0 70 1000
55 0 73 1000
56 0 95 1000
57 0 30 1000
58 0 1 1000
59 0 52 1000
60 0 39 1000
61 0 66 1000
62 0 42 1000
63 0 64 1000
64 0 21 1000
65 0 24 1000
66 0 62 1000
67 0 33 1000
68 0 84 1000
69 0 71 1000
70 0 74 1000
71 0 96 1000
72 0 15 1000
73 0 93 1000
74 0 31 1000
75 0 2 1000
76 0 53 1000
77 0 56 1000
78 0 43 1000
79 0 65 1000
80 0 22 1000
81 0 25 1000
82 0 12 1000
83 0 63 1000
84 0 34 1000
85 0 85 1000
86 0 88 1000
87 0 75 1000
88 0 97 1000
89 0 91 1000
90 0 16 1000
91 0 3 1000
92 0 54 1000
93 0 57 1000
94 0 44 1000
95 0 23 1000
96 0 26 1000
97 0 13 1000
98 0 48 1000
99 0 35 1000
100 1 47 569
101 1 19 718
102 1 7 445
103 1 68 547
104 1 5 711
105 1 10 445
106 1 3 83
107 1 4 984
108 1 9 671
109 1 98 889
110 1 60 572
111 1 2 880
112 1 55 924
113 2 32 270
114 2 7 778
115 2 56 35
116 2 36 469
117 2 3 735
118 2 40 351
119 2 35 826
120 2 72 586
121 2 15 302
122 3 11 997
123 3 13 886
124 3 24 420
125 3 26 477
126 3 83 840
127 3 58 291
128 4 72 31
129 5 21 709
130 5 43 557
131 5 6 573
132 5 40 115
133 5 50 420
134 5 98 932
135 6 26 448
136 6 60 173
137 6 14 2
138 6 32 22
139 6 20 603
140 6 90 570
141 6 82 372
142 7 40 909
143 7 62 309
144 8 36 609
145 8 28 872
146 8 10 150
147 8 80 180
148 9 51 531
149 9 21 341
150 9 70 928
151 9 79 899
152 9 66 13
153 9 12 977
154 9 73 528
155 10 75 525
156 10 16 780
157 10 37 348
158 10 89 963
159 10 69 739
160 10 50 819
161 11 27 646
162 11 43 771
163 11 53 536
164 11 21 649
165 11 99 886
166 11 54 358
167 12 31 779
168 12 14 839
169 13 38 422
170 13 99 600
171 13 56 364
172 14 50 677
173 14 33 596
174 14 17 544
175 14 49 916
176 14 25 107
177 14 100 505
178 14 86 53
179 15 16 67
180 15 20 550
181 16 95 892
182 16 48 618
183 16 19 163
184 16 58 686
185 16 94 44
186 17 64 965
187 17 88 745
188 17 35 57
189 17 29 803
190 17 27 217
191 18 46 956
192 18 97 565
193 18 88 169
194 19 99 669
195 19 78 916
196 19 29 696
197 19 80 153
198 19 51 132
199 20 53 445
200 20 63 354
201 20 38 573
202 20 76 763
203 21 59 437
204 21 55 859
205 21 53 173
206 21 84 714
207 21 22 353
208 21 27 212
209 22 25 596
210 22 76 988
211 22 77 223
212 22 42 45
213 22 67 192
214 23 28 698
215 23 61 730
216 23 49 468
217 23 40 773
218 23 62 431
219 23 92 665
220 23 91 391
221 23 58 384
222 24 93 486
223 24 63 601
224 24 65 488
225 25 43 445
226 25 38 347
227 25 85 656
228 26 94 458
229 26 44 789
230 26 62 610
231 26 41 142
232 27 30 701
233 27 48 283
234 27 97 55
235 27 66 965
236 27 86 221
237 28 42 80
238 28 89 493
239 28 36 138
240 29 36 810
241 29 86 484
242 29 71 735
243 30 39 927
244 30 88 261
245 30 48 865
246 30 82 483
247 30 96 626
248 30 44 204
249 30 38 38
250 31 44 35
251 31 96 10
252 31 43 191
253 32 54 612
254 32 94 188
255 32 61 112
256 33 98 557
257 33 58 915
258 33 47 960
259 33 66 445
260 34 98 829
261 34 42 844
262 36 57 2
263 36 92 92
264 36 86 310
265 37 69 759
266 37 56 566
267 37 73 414
268 37 49 704
269 38 63 252
270 38 60 131
271 38 89 410
272 38 77 290
273 38 68 149
274 38 48 394
275 38 95 77
276 39 48 683
277 39 51 552
278 40 65 874
279 41 93 3
280 41 94 461
281 42 97 79
282 42 47 714
283 43 57 498
284 43 54 300
285 43 87 541
286 44 62 757
287 45 98 477
288 45 47 88
289 45 69 610
290 46 75 321
291 46 66 168
292 46 56 288
293 47 52 162
294 47 94 868
295 48 91 178
296 48 96 47
297 48 88 164
298 48 76 955
299 49 78 735
300 49 85 868
301 49 90 360
302 50 74 628
303 51 84 755
304 51 87 880
305 51 72 868
306 52 93 171
307 53 92 724
308 53 91 316
309 53 67 95
310 53 99 716
311 54 55 799
312 54 84 312
313 54 81 191
314 55 60 513
315 55 64 601
316 55 77 841
317 55 63 689
318 56 60 299
319 56 84 129
320 56 62 78
321 58 82 291
322 58 78 400
323 58 91 336
324 58 75 468
325 59 74 456
326 60 95 403
327 60 78 515
328 61 74 324
329 62 82 969
330 62 88 763
331 63 81 518
332 64 71 833
333 64 94 152
334 65 88 750
335 65 81 729
336 65 70 518
337 65 73 469
338 65 66 951
339 65 97 660
340 66 71 41
341 66 77 350
342 66 72 264
343 67 80 456
344 69 96 235
345 69 88 721
346 70 97 122
347 70 88 118
348 71 90 454
349 71 83 526
350 71 92 478
351 72 81 982
352 72 90 969
353 73 87 881
354 74 98 307
355 75 88 938
356 75 91 645
357 76 88 164
358 76 89 94
359 76 84 260
360 77 96 350
361 78 80 923
362 78 95 632
363 79 95 787
364 79 99 100
365 81 96 786
366 82 90 985
367 82 91 335
368 83 98 600
369 83 99 797
370 84 91 706
371 84 88 515
372 85 86 237
373 85 98 565
374 85 97 941
375 86 96 152
376 87 89 359
377 87 99 467
378 88 91 837
379 88 90 19
380 89 99 928
381 89 98 758
382 89 96 719
383 90 95 364
384 91 98 19
385 92 96 705
386 93 96 114
387 93 94 528
388 93 97 338
389 93 98 844
390 94 99 923
391 94 95 214
392 96 97 44
393 96 98 258
394 96 99 78
395 97 100 875
396 97 98 916
397 97 99 858
398 98 100 565
399 99 100 322
