101
400
50
5694
0 0 86 1000
1 0 89 1000
2 0 77 1000
3 0 94 1000
4 0 76 1000
5 0 98 1000
6 0 11 1000
7 0 17 1000
8 0 4 1000
9 0 55 1000
10 0 58 1000
11 0 45 1000
12 0 80 1000
13 0 67 1000
14 0 27 1000
15 0 14 1000
16 0 49 1000
17 0 36 1000
18 0 87 1000
19 0 90 1000
20 0 99 1000
21 0 18 1000
22 0 5 1000
23 0 8 1000
24 0 59 1000
25 0 46 1000
26 0 81 1000
27 0 68 1000
28 0 28 1000
29 0 50 1000
30 0 37 1000
31 0 40 1000
32 0 78 1000
33 0 100 1000
34 0 19 1000
35 0 6 1000
36 0 9 1000
37 0 69 1000
38 0 60 1000
39 0 47 1000
40 0 82 1000
41 0 72 1000
42 0 29 1000
43 0 51 1000
44 0 38 1000
45 0 41 1000
46 0 92 1000
47 0 79 1000
48 0 20 1000
49 0 7 1000
50 0 10 1000
51 0 61 1000
52 0 32 1000
53 0 83 1000
54 0 70 1000
55 0 73 1000
56 0 95 1000
57 0 30 1000
58 0 1 1000
59 0 52 1000
60 0 39 1000
61 0 66 1000
62 0 42 1000
63 0 64 1000
64 0 21 1000
65 0 24 1000
66 0 62 1000
67 0 33 1000
68 0 84 1000
69 0 71 1000
70 0 74 1000
71 0 96 1000
72 0 15 1000
73 0 93 1000
74 0 31 1000
75 0 2 1000
76 0 53 1000
77 0 56 1000
78 0 43 1000
79 0 65 1000
80 0 22 1000
81 0 25 1000
82 0 12 1000
83 0 63 1000
84 0 34 1000
85 0 85 1000
86 0 88 1000
87 0 75 1000
88 0 97 1000
89 0 91 1000
90 0 16 1000
91 0 3 1000
92 0 54 1000
93 0 57 1000
94 0 44 1000
95 0 23 1000
96 0 26 1000
97 0 13 1000
98 0 48 1000
99 0 35 1000
100 1 47 569
101 1 19 718
102 1 6 816
103 1 10 445
104 1 3 83
105 1 2 880
106 1 55 924
107 1 8 883
108 1 61 818
109 2 32 270
110 2 7 778
111 2 56 35
112 2 36 469
113 2 3 735
114 2 40 351
115 2 35 826
116 2 72 586
117 2 15 302
118 3 11 997
119 3 24 420
120 3 83 840
121 3 58 291
122 4 8 614
123 4 9 829
124 4 72 31
125 5 43 557
126 5 6 573
127 5 40 115
128 5 50 420
129 5 98 932
130 6 26 448
131 6 60 173
132 6 86 32
133 6 20 603
134 6 90 570
135 6 18 304
136 6 82 372
137 7 40 909
138 7 89 454
139 8 92 201
140 8 28 872
141 8 10 150
142 8 80 180
143 9 51 531
144 9 21 341
145 9 12 977
146 9 73 528
147 10 37 348
148 10 59 328
149 10 89 963
150 10 69 739
151 10 50 819
152 11 24 141
153 11 43 771
154 11 53 536
155 11 21 649
156 11 54 358
157 12 79 84
158 12 45 818
159 12 23 93
160 12 15 893
161 13 38 422
162 14 50 677
163 14 17 544
164 14 49 916
165 14 25 107
166 14 100 505
167 14 74 679
168 14 72 151
169 15 16 67
170 15 20 550
171 16 95 892
172 16 58 686
173 17 76 870
174 17 81 339
175 17 35 57
176 18 45 975
177 18 46 956
178 18 97 565
179 18 88 169
180 19 96 468
181 19 99 669
182 19 67 214
183 19 29 696
184 19 51 132
185 20 37 548
186 20 38 573
187 20 76 763
188 21 59 437
189 21 53 173
190 21 83 549
191 21 22 353
192 21 69 916
193 22 25 596
194 22 77 223
195 22 68 320
196 22 59 545
197 22 67 192
198 22 27 857
199 22 46 280
200 23 26 575
201 23 28 698
202 23 40 773
203 23 62 431
204 23 30 387
205 23 92 665
206 23 39 434
207 23 58 384
208 24 93 486
209 24 63 601
210 25 43 445
211 25 38 347
212 25 85 656
213 25 81 520
214 26 94 458
215 26 44 789
216 26 62 610
217 26 28 913
218 26 61 128
219 26 41 142
220 27 30 701
221 27 97 55
222 27 38 154
223 27 66 965
224 27 86 221
225 28 42 80
226 28 89 493
227 28 36 138
228 28 79 73
229 28 100 484
230 29 45 417
231 29 36 973
232 29 86 484
233 29 71 735
234 30 39 927
235 30 88 261
236 30 48 804
237 30 96 626
238 30 38 38
239 31 96 10
240 31 72 138
241 31 43 191
242 32 54 612
243 32 94 188
244 32 37 701
245 32 78 880
246 32 61 112
247 32 34 623
248 33 47 960
249 34 42 844
250 35 56 739
251 35 49 538
252 35 87 633
253 35 36 874
254 36 57 2
255 36 92 92
256 36 86 310
257 37 69 759
258 37 63 150
259 37 52 313
260 37 50 275
261 37 49 704
262 38 63 252
263 38 93 41
264 38 77 290
265 38 57 243
266 38 68 149
267 38 48 394
268 38 69 878
269 38 95 77
270 39 48 683
271 39 68 703
272 39 51 552
273 40 52 138
274 40 100 216
275 40 65 874
276 42 97 664
277 43 57 498
278 43 78 289
279 45 98 477
280 45 69 610
281 45 51 327
282 46 56 288
283 47 52 162
284 47 94 868
285 48 90 989
286 48 91 178
287 48 82 672
288 48 96 47
289 48 88 164
290 48 76 955
291 49 88 454
292 49 85 868
293 49 90 360
294 50 74 628
295 51 84 755
296 51 87 880
297 51 72 868
298 52 82 633
299 52 93 171
300 53 92 724
301 53 91 316
302 53 67 95
303 54 55 799
304 54 84 312
305 54 61 559
306 54 94 933
307 54 81 191
308 55 64 601
309 55 77 841
310 55 63 689
311 56 60 299
312 56 84 129
313 56 62 78
314 58 82 291
315 58 78 400
316 58 91 336
317 58 75 468
318 59 89 546
319 59 74 456
320 60 95 403
321 60 78 515
322 61 74 324
323 61 66 662
324 62 95 953
325 62 82 969
326 62 88 763
327 63 65 837
328 63 81 518
329 64 85 856
330 64 97 5
331 64 71 833
332 64 94 152
333 65 88 750
334 65 81 729
335 65 73 469
336 66 78 643
337 66 71 41
338 66 77 350
339 66 95 181
340 67 80 105
341 68 83 650
342 69 96 235
343 69 80 218
344 69 88 721
345 69 74 741
346 70 97 122
347 71 90 454
348 71 83 526
349 71 92 478
350 71 82 699
351 71 95 827
352 72 81 982
353 72 100 875
354 73 87 621
355 74 83 371
356 74 98 307
357 74 81 398
358 75 88 938
359 76 88 164
360 76 89 94
361 76 84 260
362 76 85 776
363 77 97 767
364 79 86 316
365 80 89 584
366 80 93 650
367 81 83 493
368 82 91 335
369 83 98 600
370 83 95 872
371 84 91 706
372 84 88 515
373 84 92 447
374 85 86 237
375 85 98 565
376 85 97 941
377 87 89 359
378 87 99 467
379 88 91 837
380 88 90 19
381 88 97 450
382 89 99 928
383 89 90 989
384 89 98 758
385 89 96 719
386 90 95 364
387 91 98 19
388 92 96 705
389 93 94 528
390 93 97 338
391 93 98 844
392 94 99 923
393 94 95 214
394 95 98 631
395 96 97 44
396 96 99 78
397 97 100 875
398 98 100 565
399 99 100 322
