201
999
40
2710
0 0 86 1000
1 0 175 1000
2 0 76 1000
3 0 197 1000
4 0 98 1000
5 0 17 1000
6 0 55 1000
7 0 128 1000
8 0 132 1000
9 0 45 1000
10 0 166 1000
11 0 67 1000
12 0 121 1000
13 0 19 1000
14 0 14 1000
15 0 135 1000
16 0 36 1000
17 0 189 1000
18 0 186 1000
19 0 90 1000
20 0 84 1000
21 0 112 1000
22 0 5 1000
23 0 158 1000
24 0 59 1000
25 0 180 1000
26 0 81 1000
27 0 170 1000
28 0 119 1000
29 0 192 1000
30 0 109 1000
31 0 181 1000
32 0 28 1000
33 0 50 1000
34 0 139 1000
35 0 40 1000
36 0 161 1000
37 0 199 1000
38 0 100 1000
39 0 9 1000
40 0 69 1000
41 0 130 1000
42 0 47 1000
43 0 184 1000
44 0 123 1000
45 0 31 1000
46 0 191 1000
47 0 92 1000
48 0 114 1000
49 0 2 1000
50 0 104 1000
51 0 7 1000
52 0 144 1000
53 0 61 1000
54 0 182 1000
55 0 83 1000
56 0 172 1000
57 0 73 1000
58 0 194 1000
59 0 56 1000
60 0 111 1000
61 0 151 1000
62 0 177 1000
63 0 52 1000
64 0 141 1000
65 0 42 1000
66 0 163 1000
67 0 64 1000
68 0 102 1000
69 0 21 1000
70 0 153 1000
71 0 11 1000
72 0 33 1000
73 0 71 1000
74 0 125 1000
75 0 155 1000
76 0 94 1000
77 0 116 1000
78 0 106 1000
79 0 25 1000
80 0 146 1000
81 0 63 1000
82 0 136 1000
83 0 85 1000
84 0 174 1000
85 0 75 1000
86 0 196 1000
87 0 97 1000
88 0 16 1000
89 0 54 1000
90 0 143 1000
91 0 44 1000
92 0 165 1000
93 0 66 1000
94 0 120 1000
95 0 13 1000
96 0 35 1000
97 0 188 1000
98 0 89 1000
99 0 127 1000
100 0 200 1000
101 0 4 1000
102 0 157 1000
103 0 58 1000
104 0 179 1000
105 0 80 1000
106 0 169 1000
107 0 118 1000
108 0 108 1000
109 0 27 1000
110 0 148 1000
111 0 49 1000
112 0 138 1000
113 0 87 1000
114 0 160 1000
115 0 77 1000
116 0 198 1000
117 0 99 1000
118 0 18 1000
119 0 8 1000
120 0 129 1000
121 0 46 1000
122 0 167 1000
123 0 185 1000
124 0 68 1000
125 0 122 1000
126 0 38 1000
127 0 15 1000
128 0 70 1000
129 0 152 1000
130 0 37 1000
131 0 190 1000
132 0 91 1000
133 0 113 1000
134 0 6 1000
135 0 159 1000
136 0 60 1000
137 0 82 1000
138 0 171 1000
139 0 72 1000
140 0 193 1000
141 0 110 1000
142 0 29 1000
143 0 150 1000
144 0 51 1000
145 0 140 1000
146 0 41 1000
147 0 162 1000
148 0 79 1000
149 0 57 1000
150 0 101 1000
151 0 20 1000
152 0 10 1000
153 0 30 1000
154 0 131 1000
155 0 134 1000
156 0 32 1000
157 0 124 1000
158 0 1 1000
159 0 154 1000
160 0 39 1000
161 0 176 1000
162 0 93 1000
163 0 115 1000
164 0 105 1000
165 0 24 1000
166 0 145 1000
167 0 62 1000
168 0 183 1000
169 0 149 1000
170 0 173 1000
171 0 74 1000
172 0 195 1000
173 0 96 1000
174 0 53 1000
175 0 142 1000
176 0 43 1000
177 0 164 1000
178 0 65 1000
179 0 137 1000
180 0 103 1000
181 0 23 1000
182 0 22 1000
183 0 12 1000
184 0 133 1000
185 0 34 1000
186 0 187 1000
187 0 88 1000
188 0 126 1000
189 0 3 1000
190 0 156 1000
191 0 178 1000
192 0 95 1000
193 0 78 1000
194 0 168 1000
195 0 117 1000
196 0 107 1000
197 0 26 1000
198 0 147 1000
199 0 48 1000
200 1 58 913
201 1 6 880
202 1 56 140
203 1 10 108
204 1 4 788
205 1 111 130
206 1 124 869
207 1 76 582
208 1 2 852
209 2 73 162
210 2 76 386
211 2 5 797
212 2 161 551
213 2 3 763
214 2 87 838
215 2 133 218
216 2 21 474
217 2 4 501
218 2 48 681
219 2 126 538
220 2 11 721
221 3 11 656
222 3 42 340
223 3 158 32
224 3 9 718
225 3 104 90
226 4 32 504
227 4 37 270
228 4 15 585
229 5 10 288
230 5 159 168
231 5 17 356
232 6 27 199
233 6 7 465
234 6 49 81
235 6 164 212
236 6 71 47
237 6 168 299
238 6 161 134
239 7 12 811
240 7 156 11
241 7 98 928
242 7 29 595
243 7 71 671
244 7 159 209
245 7 181 147
246 7 19 913
247 7 133 408
248 7 38 172
249 7 23 9
250 8 122 414
251 8 24 927
252 8 31 133
253 8 16 793
254 8 30 803
255 9 27 436
256 9 98 577
257 9 17 0
258 9 26 398
259 9 57 754
260 9 13 166
261 9 105 930
262 9 33 288
263 9 104 496
264 9 12 894
265 10 155 695
266 10 19 254
267 10 15 220
268 10 172 539
269 11 46 108
270 11 155 617
271 11 56 751
272 11 82 661
273 11 97 761
274 11 93 21
275 11 29 267
276 11 88 79
277 11 143 364
278 11 200 383
279 11 189 933
280 12 23 945
281 12 43 246
282 12 177 80
283 12 22 546
284 12 119 694
285 12 130 738
286 12 14 36
287 13 68 174
288 14 31 872
289 14 65 589
290 14 197 392
291 14 20 497
292 15 86 475
293 15 55 38
294 15 85 790
295 15 142 878
296 15 182 125
297 15 56 589
298 16 47 971
299 16 22 545
300 16 65 335
301 16 155 765
302 17 124 775
303 17 81 182
304 17 140 112
305 17 18 667
306 17 36 33
307 17 185 477
308 17 126 626
309 17 152 797
310 18 67 700
311 18 77 961
312 18 41 321
313 18 109 655
314 18 99 760
315 18 89 266
316 18 26 415
317 19 104 935
318 19 32 5
319 19 152 153
320 19 191 878
321 19 195 524
322 20 75 392
323 20 47 545
324 20 29 194
325 20 51 917
326 20 94 992
327 20 53 113
328 20 153 364
329 20 95 882
330 21 28 327
331 21 121 648
332 21 138 31
333 21 134 976
334 21 179 202
335 22 61 828
336 22 41 807
337 22 136 794
338 22 34 681
339 23 189 547
340 23 193 637
341 23 158 553
342 23 63 272
343 23 172 803
344 23 165 981
345 23 44 604
346 23 104 537
347 24 118 791
348 24 136 6
349 24 110 482
350 24 147 337
351 24 36 809
352 24 161 604
353 24 123 687
354 25 92 555
355 25 178 885
356 25 98 361
357 25 32 673
358 25 29 120
359 25 83 997
360 25 84 112
361 25 163 642
362 25 105 440
363 25 189 200
364 25 161 393
365 26 50 680
366 26 174 952
367 26 35 471
368 26 152 687
369 26 51 805
370 27 115 28
371 27 42 99
372 27 84 739
373 27 159 286
374 27 185 837
375 27 168 445
376 27 76 224
377 27 56 825
378 27 108 807
379 28 160 525
380 28 124 248
381 28 33 768
382 28 180 775
383 28 82 237
384 29 86 956
385 29 133 844
386 29 196 574
387 30 194 248
388 30 42 130
389 31 80 804
390 31 36 127
391 31 145 489
392 31 194 448
393 31 60 8
394 31 46 306
395 32 134 91
396 32 124 882
397 32 52 8
398 33 80 893
399 33 105 574
400 33 96 562
401 33 81 83
402 33 179 889
403 33 190 250
404 34 194 751
405 34 40 526
406 34 64 715
407 35 179 206
408 35 72 504
409 35 154 321
410 35 113 968
411 35 182 867
412 35 55 523
413 35 37 475
414 35 39 266
415 35 126 342
416 35 176 892
417 35 77 552
418 36 190 997
419 36 96 97
420 37 44 992
421 37 68 124
422 37 152 614
423 37 123 832
424 37 62 28
425 37 84 270
426 38 53 449
427 38 174 841
428 40 41 734
429 40 195 425
430 40 45 580
431 40 71 308
432 41 72 469
433 41 128 184
434 41 94 353
435 41 105 835
436 42 196 977
437 42 194 675
438 42 154 655
439 42 116 707
440 42 140 333
441 42 160 676
442 43 69 542
443 43 48 882
444 43 145 663
445 44 165 525
446 44 156 68
447 44 118 692
448 44 87 540
449 44 114 67
450 44 148 665
451 45 114 882
452 45 57 279
453 45 107 517
454 46 128 356
455 46 144 409
456 46 132 161
457 46 50 366
458 46 59 776
459 46 121 100
460 47 190 10
461 47 173 988
462 47 122 151
463 47 176 514
464 47 200 344
465 47 178 245
466 48 87 717
467 48 155 677
468 48 84 348
469 49 73 353
470 49 62 393
471 49 97 980
472 49 87 423
473 50 120 896
474 50 185 468
475 50 135 54
476 50 199 436
477 50 189 939
478 51 125 122
479 52 185 190
480 52 104 101
481 52 92 631
482 53 106 522
483 53 153 623
484 53 184 33
485 53 191 108
486 53 118 157
487 53 171 513
488 53 74 381
489 53 174 926
490 53 81 707
491 53 139 765
492 53 55 156
493 54 99 278
494 54 77 302
495 54 86 846
496 54 78 441
497 54 164 785
498 54 168 672
499 54 134 349
500 55 106 66
501 55 182 462
502 55 59 627
503 56 196 737
504 56 62 460
505 56 113 611
506 56 94 816
507 57 90 665
508 57 107 254
509 57 131 676
510 57 193 788
511 57 77 712
512 57 175 148
513 58 91 308
514 58 182 978
515 58 92 250
516 59 70 464
517 59 84 631
518 59 123 685
519 59 149 561
520 60 129 987
521 61 193 876
522 61 178 610
523 61 163 451
524 61 199 302
525 61 117 788
526 62 166 990
527 62 164 923
528 62 82 377
529 62 111 641
530 62 109 644
531 63 123 57
532 63 125 66
533 63 64 603
534 63 109 550
535 64 121 518
536 64 133 882
537 65 170 457
538 65 67 255
539 65 190 932
540 65 90 594
541 66 181 993
542 66 146 240
543 66 179 33
544 66 90 743
545 66 101 245
546 67 186 686
547 67 178 705
548 67 103 299
549 67 70 224
550 68 133 624
551 68 182 692
552 68 112 186
553 68 195 413
554 68 173 909
555 69 149 303
556 69 167 716
557 69 146 360
558 70 135 947
559 70 172 524
560 70 150 111
561 70 106 738
562 70 143 357
563 71 186 512
564 71 123 474
565 71 194 556
566 72 174 406
567 72 129 160
568 72 114 870
569 72 127 348
570 72 108 373
571 73 177 925
572 73 142 601
573 73 138 891
574 73 128 227
575 74 97 392
576 74 100 15
577 74 98 180
578 74 84 110
579 76 87 705
580 76 126 448
581 76 119 850
582 76 122 112
583 77 141 353
584 77 181 58
585 77 153 898
586 77 140 96
587 77 152 320
588 77 142 442
589 78 139 230
590 78 106 67
591 80 93 347
592 80 107 54
593 80 136 196
594 80 103 591
595 81 194 903
596 81 103 329
597 81 150 554
598 81 196 840
599 81 165 501
600 81 176 872
601 81 129 2
602 82 88 46
603 82 117 337
604 82 162 894
605 82 105 309
606 82 131 273
607 82 103 293
608 83 180 287
609 83 168 384
610 83 115 234
611 84 85 415
612 84 87 89
613 84 146 138
614 85 153 537
615 85 95 528
616 86 163 554
617 86 99 234
618 86 116 980
619 86 101 881
620 87 118 47
621 87 137 784
622 87 163 528
623 87 100 940
624 87 172 745
625 87 165 376
626 88 175 591
627 88 105 747
628 88 104 705
629 89 173 493
630 89 146 638
631 89 195 912
632 89 172 913
633 89 100 620
634 89 109 183
635 90 94 722
636 90 191 728
637 90 101 808
638 90 108 209
639 91 103 296
640 91 148 95
641 91 175 143
642 92 102 234
643 92 118 89
644 92 187 923
645 92 93 385
646 92 112 672
647 93 195 903
648 93 138 554
649 93 137 468
650 93 105 716
651 94 127 494
652 94 166 951
653 94 119 23
654 94 190 808
655 95 138 931
656 95 194 716
657 95 128 479
658 95 122 185
659 95 135 184
660 95 178 204
661 95 188 889
662 96 195 484
663 96 98 679
664 97 195 667
665 97 190 300
666 97 187 481
667 97 197 119
668 98 149 31
669 98 147 161
670 98 183 22
671 99 174 328
672 99 166 889
673 100 121 118
674 100 184 637
675 100 126 33
676 100 181 705
677 101 167 754
678 101 198 188
679 101 194 492
680 101 166 843
681 101 130 820
682 101 156 541
683 101 145 260
684 103 173 971
685 103 136 940
686 103 124 652
687 104 109 872
688 104 108 241
689 105 193 551
690 105 125 726
691 105 167 400
692 106 189 327
693 106 144 660
694 106 151 207
695 106 184 328
696 107 190 359
697 107 132 65
698 107 176 560
699 107 191 88
700 107 133 489
701 108 195 558
702 108 153 206
703 108 144 379
704 108 120 916
705 108 182 412
706 108 148 687
707 109 141 118
708 109 151 38
709 109 161 378
710 110 185 808
711 110 126 579
712 110 170 72
713 110 168 133
714 110 181 875
715 110 189 74
716 110 165 222
717 111 159 711
718 111 146 43
719 112 190 438
720 112 140 658
721 112 179 220
722 113 129 498
723 113 192 714
724 114 173 209
725 114 181 698
726 114 180 416
727 114 168 350
728 114 121 880
729 114 124 646
730 115 184 710
731 115 194 421
732 115 169 20
733 115 145 504
734 115 174 527
735 115 188 490
736 116 128 269
737 116 187 460
738 116 129 609
739 117 135 988
740 117 130 648
741 117 153 871
742 117 152 40
743 118 144 196
744 118 145 156
745 118 141 112
746 118 143 746
747 118 199 143
748 119 134 70
749 119 188 376
750 119 198 896
751 120 127 257
752 120 143 542
753 120 176 992
754 120 124 641
755 121 177 409
756 121 191 165
757 121 156 516
758 121 127 466
759 122 177 869
760 122 126 849
761 122 174 243
762 122 189 624
763 123 147 290
764 123 139 734
765 123 153 197
766 123 151 893
767 124 173 344
768 125 184 413
769 125 144 542
770 125 187 454
771 125 160 790
772 125 147 332
773 125 188 903
774 126 161 651
775 126 168 59
776 126 160 159
777 127 140 794
778 127 177 435
779 127 168 435
780 128 141 692
781 129 153 246
782 129 131 428
783 129 188 719
784 130 161 837
785 130 145 573
786 130 174 324
787 130 144 159
788 131 171 751
789 131 158 423
790 132 188 583
791 132 193 269
792 132 182 375
793 132 141 567
794 132 186 302
795 132 146 292
796 133 157 646
797 133 196 124
798 133 180 978
799 133 172 812
800 133 162 333
801 134 172 84
802 134 136 225
803 134 157 385
804 134 155 27
805 134 144 433
806 135 151 878
807 135 145 86
808 135 193 314
809 135 184 518
810 135 174 522
811 136 180 215
812 137 164 374
813 137 160 743
814 137 151 575
815 137 182 580
816 138 139 698
817 138 178 266
818 138 154 572
819 138 173 331
820 138 198 865
821 139 151 43
822 139 199 448
823 139 142 707
824 139 152 569
825 140 153 934
826 140 186 194
827 140 196 906
828 140 161 789
829 140 147 977
830 140 160 781
831 141 145 14
832 141 161 628
833 141 164 828
834 142 193 399
835 142 194 712
836 143 175 21
837 144 174 543
838 144 167 591
839 144 182 921
840 145 166 758
841 145 165 906
842 145 170 496
843 146 189 229
844 146 176 133
845 146 181 646
846 146 165 649
847 147 180 219
848 147 154 831
849 148 152 561
850 148 187 98
851 148 199 84
852 149 183 268
853 150 192 245
854 150 193 882
855 150 174 667
856 150 188 532
857 151 199 220
858 151 156 314
859 151 182 34
860 152 172 705
861 152 181 154
862 152 197 448
863 152 159 49
864 152 164 887
865 153 176 852
866 153 194 773
867 153 179 10
868 153 168 418
869 153 169 175
870 154 181 916
871 154 161 270
872 154 160 477
873 154 198 442
874 154 163 566
875 154 188 796
876 154 175 610
877 155 172 135
878 155 189 541
879 155 181 357
880 156 166 219
881 156 196 626
882 156 198 208
883 157 171 751
884 157 190 871
885 157 194 91
886 158 183 65
887 159 195 906
888 159 183 83
889 160 166 286
890 160 194 874
891 160 191 955
892 160 165 169
893 161 194 404
894 161 193 440
895 162 187 616
896 162 188 256
897 162 168 293
898 163 196 813
899 163 185 220
900 163 176 335
901 164 176 787
902 164 191 424
903 164 167 300
904 164 174 366
905 165 167 216
906 165 179 352
907 165 172 583
908 165 178 867
909 165 191 408
910 166 192 572
911 168 186 617
912 168 177 567
913 169 194 346
914 169 189 389
915 169 170 439
916 169 172 708
917 170 177 877
918 170 197 706
919 170 183 676
920 170 195 117
921 170 186 301
922 170 190 752
923 171 193 69
924 171 198 59
925 171 177 45
926 171 192 349
927 171 180 733
928 171 190 963
929 171 197 993
930 172 183 882
931 172 197 293
932 172 181 570
933 173 191 357
934 173 194 307
935 174 182 510
936 174 196 174
937 174 183 941
938 174 199 862
939 175 196 450
940 175 181 882
941 175 198 199
942 175 184 582
943 175 189 434
944 176 193 889
945 176 182 758
946 177 192 148
947 177 189 908
948 177 198 235
949 178 197 427
950 178 195 537
951 178 179 786
952 178 183 824
953 179 181 539
954 179 200 585
955 179 199 244
956 179 198 941
957 181 189 934
958 181 182 675
959 181 188 970
960 182 196 505
961 182 192 744
962 183 192 934
963 183 185 627
964 183 191 862
965 184 188 803
966 184 187 3
967 184 197 866
968 185 192 686
969 186 192 136
970 186 189 300
971 187 199 208
972 187 194 26
973 187 191 59
974 187 196 799
975 188 193 262
976 188 196 799
977 188 195 32
978 188 198 125
979 188 194 586
980 188 199 974
981 189 193 710
982 189 192 43
983 192 195 645
984 192 198 395
985 192 194 251
986 193 199 22
987 193 195 451
988 193 198 150
989 194 200 956
990 194 196 945
991 195 198 817
992 195 199 65
993 195 197 948
994 195 200 814
995 196 200 756
996 197 198 115
997 197 199 640
998 198 199 647
