201
999
100
7584
0 0 86 1000
1 0 175 1000
2 0 76 1000
3 0 197 1000
4 0 98 1000
5 0 17 1000
6 0 55 1000
7 0 128 1000
8 0 132 1000
9 0 45 1000
10 0 166 1000
11 0 67 1000
12 0 121 1000
13 0 19 1000
14 0 14 1000
15 0 135 1000
16 0 36 1000
17 0 189 1000
18 0 186 1000
19 0 90 1000
20 0 84 1000
21 0 112 1000
22 0 5 1000
23 0 158 1000
24 0 59 1000
25 0 180 1000
26 0 81 1000
27 0 170 1000
28 0 119 1000
29 0 192 1000
30 0 109 1000
31 0 181 1000
32 0 28 1000
33 0 50 1000
34 0 139 1000
35 0 40 1000
36 0 161 1000
37 0 199 1000
38 0 100 1000
39 0 9 1000
40 0 69 1000
41 0 130 1000
42 0 47 1000
43 0 184 1000
44 0 123 1000
45 0 31 1000
46 0 191 1000
47 0 92 1000
48 0 114 1000
49 0 2 1000
50 0 104 1000
51 0 7 1000
52 0 144 1000
53 0 61 1000
54 0 182 1000
55 0 83 1000
56 0 172 1000
57 0 73 1000
58 0 194 1000
59 0 56 1000
60 0 111 1000
61 0 151 1000
62 0 177 1000
63 0 52 1000
64 0 141 1000
65 0 42 1000
66 0 163 1000
67 0 64 1000
68 0 102 1000
69 0 21 1000
70 0 153 1000
71 0 11 1000
72 0 33 1000
73 0 71 1000
74 0 125 1000
75 0 155 1000
76 0 94 1000
77 0 116 1000
78 0 106 1000
79 0 25 1000
80 0 146 1000
81 0 63 1000
82 0 136 1000
83 0 85 1000
84 0 174 1000
85 0 75 1000
86 0 196 1000
87 0 97 1000
88 0 16 1000
89 0 54 1000
90 0 143 1000
91 0 44 1000
92 0 165 1000
93 0 66 1000
94 0 120 1000
95 0 13 1000
96 0 35 1000
97 0 188 1000
98 0 89 1000
99 0 127 1000
100 0 200 1000
101 0 4 1000
102 0 157 1000
103 0 58 1000
104 0 179 1000
105 0 80 1000
106 0 169 1000
107 0 118 1000
108 0 108 1000
109 0 27 1000
110 0 148 1000
111 0 49 1000
112 0 138 1000
113 0 87 1000
114 0 160 1000
115 0 77 1000
116 0 198 1000
117 0 99 1000
118 0 18 1000
119 0 8 1000
120 0 129 1000
121 0 46 1000
122 0 167 1000
123 0 185 1000
124 0 68 1000
125 0 122 1000
126 0 38 1000
127 0 15 1000
128 0 70 1000
129 0 152 1000
130 0 37 1000
131 0 190 1000
132 0 91 1000
133 0 113 1000
134 0 6 1000
135 0 159 1000
136 0 60 1000
137 0 82 1000
138 0 171 1000
139 0 72 1000
140 0 193 1000
141 0 110 1000
142 0 29 1000
143 0 150 1000
144 0 51 1000
145 0 140 1000
146 0 41 1000
147 0 162 1000
148 0 79 1000
149 0 57 1000
150 0 101 1000
151 0 20 1000
152 0 10 1000
153 0 30 1000
154 0 131 1000
155 0 134 1000
156 0 32 1000
157 0 124 1000
158 0 1 1000
159 0 154 1000
160 0 39 1000
161 0 176 1000
162 0 93 1000
163 0 115 1000
164 0 105 1000
165 0 24 1000
166 0 145 1000
167 0 62 1000
168 0 183 1000
169 0 149 1000
170 0 173 1000
171 0 74 1000
172 0 195 1000
173 0 96 1000
174 0 53 1000
175 0 142 1000
176 0 43 1000
177 0 164 1000
178 0 65 1000
179 0 137 1000
180 0 103 1000
181 0 23 1000
182 0 22 1000
183 0 12 1000
184 0 133 1000
185 0 34 1000
186 0 187 1000
187 0 88 1000
188 0 126 1000
189 0 3 1000
190 0 156 1000
191 0 178 1000
192 0 95 1000
193 0 78 1000
194 0 168 1000
195 0 117 1000
196 0 107 1000
197 0 26 1000
198 0 147 1000
199 0 48 1000
200 1 58 913
201 1 6 880
202 1 56 140
203 1 10 108
204 1 4 788
205 1 111 130
206 1 76 582
207 1 2 852
208 1 79 212
209 2 73 162
210 2 76 386
211 2 3 763
212 2 87 838
213 2 133 218
214 2 21 474
215 2 4 501
216 2 48 681
217 2 126 538
218 2 86 333
219 3 11 656
220 3 77 486
221 3 42 340
222 3 8 781
223 3 158 32
224 3 9 718
225 3 104 90
226 4 35 114
227 4 32 504
228 4 172 901
229 4 37 270
230 5 70 666
231 5 10 288
232 5 159 168
233 5 57 941
234 5 138 59
235 6 162 412
236 6 27 199
237 6 49 81
238 6 164 212
239 6 71 47
240 7 12 811
241 7 29 595
242 7 161 808
243 7 27 285
244 7 71 671
245 7 65 233
246 7 181 147
247 7 38 172
248 7 23 9
249 8 87 136
250 8 122 414
251 8 31 133
252 8 16 793
253 8 30 803
254 9 27 436
255 9 190 457
256 9 17 0
257 9 26 398
258 9 57 754
259 9 13 166
260 9 188 316
261 9 29 929
262 9 33 288
263 9 104 496
264 9 12 894
265 10 155 288
266 10 15 220
267 10 172 539
268 11 46 108
269 11 155 617
270 11 56 751
271 11 161 871
272 11 93 21
273 11 95 394
274 11 44 421
275 11 143 364
276 11 189 933
277 12 23 945
278 12 43 246
279 12 22 546
280 12 119 694
281 12 130 738
282 12 176 467
283 12 14 36
284 13 68 174
285 14 31 872
286 14 197 392
287 14 20 497
288 15 148 887
289 15 86 475
290 15 85 790
291 15 142 878
292 15 56 589
293 16 47 971
294 16 22 545
295 16 65 335
296 16 57 542
297 16 155 765
298 17 140 112
299 17 25 874
300 17 18 667
301 17 161 387
302 17 36 33
303 17 185 477
304 17 152 797
305 18 180 42
306 18 67 514
307 18 77 961
308 18 41 321
309 18 109 655
310 18 99 760
311 18 89 266
312 18 152 243
313 18 117 246
314 19 52 131
315 19 48 884
316 19 32 5
317 19 29 140
318 19 152 153
319 19 191 878
320 19 195 524
321 20 75 392
322 20 47 545
323 20 51 917
324 20 94 992
325 20 122 911
326 20 53 113
327 20 153 364
328 20 95 882
329 21 28 327
330 21 121 648
331 21 138 31
332 21 179 202
333 22 61 828
334 22 41 807
335 22 136 794
336 22 34 681
337 23 62 216
338 23 189 547
339 23 193 637
340 23 63 272
341 23 172 803
342 23 165 981
343 23 102 20
344 23 143 786
345 23 44 604
346 23 104 537
347 24 118 791
348 24 136 6
349 24 110 482
350 24 147 337
351 24 161 604
352 25 92 555
353 25 178 885
354 25 98 361
355 25 32 673
356 25 29 120
357 25 83 997
358 25 84 112
359 25 163 642
360 25 189 200
361 25 161 393
362 25 118 825
363 26 172 128
364 26 50 680
365 26 108 202
366 26 174 952
367 26 35 471
368 26 152 687
369 26 51 805
370 27 115 28
371 27 84 739
372 27 159 286
373 27 185 837
374 27 168 445
375 27 76 224
376 27 98 81
377 27 108 807
378 28 160 525
379 28 142 180
380 28 33 768
381 28 180 775
382 28 82 237
383 28 141 186
384 29 196 574
385 30 194 248
386 30 42 130
387 30 53 895
388 31 80 804
389 31 36 127
390 31 145 489
391 31 194 448
392 31 84 92
393 31 60 8
394 32 134 91
395 32 166 902
396 32 124 882
397 32 52 8
398 33 80 893
399 33 105 574
400 33 96 562
401 33 81 83
402 33 179 889
403 33 159 298
404 33 190 250
405 33 195 420
406 34 40 526
407 34 64 715
408 35 179 206
409 35 72 504
410 35 154 321
411 35 113 968
412 35 182 867
413 35 55 523
414 35 37 475
415 35 39 266
416 35 126 342
417 35 77 552
418 36 108 780
419 36 115 288
420 36 190 997
421 36 96 97
422 37 44 992
423 37 68 124
424 37 152 614
425 37 123 832
426 37 62 28
427 37 186 254
428 37 84 0
429 38 53 449
430 38 150 745
431 38 174 841
432 39 145 496
433 39 150 540
434 40 173 122
435 40 66 103
436 40 41 734
437 40 45 580
438 40 71 308
439 41 72 469
440 41 128 184
441 41 105 835
442 42 196 977
443 42 194 675
444 42 68 829
445 42 154 655
446 42 116 707
447 42 140 333
448 42 100 102
449 42 160 676
450 43 69 542
451 43 75 74
452 43 144 991
453 43 48 882
454 43 145 663
455 44 165 525
456 44 156 68
457 44 55 513
458 44 118 692
459 44 87 540
460 44 62 709
461 44 148 665
462 45 57 279
463 45 107 517
464 46 128 356
465 46 144 409
466 46 132 161
467 46 50 366
468 46 112 57
469 46 153 255
470 46 59 776
471 46 148 170
472 46 121 100
473 47 111 1000
474 47 190 10
475 47 176 514
476 47 200 344
477 47 178 245
478 48 85 396
479 48 175 3
480 48 155 677
481 48 84 348
482 49 73 353
483 49 62 393
484 49 97 980
485 49 136 276
486 50 120 896
487 50 135 54
488 50 199 436
489 50 189 939
490 51 125 122
491 51 113 375
492 52 185 190
493 52 104 101
494 52 92 631
495 53 106 522
496 53 153 623
497 53 184 33
498 53 118 157
499 53 171 513
500 53 74 381
501 53 174 926
502 53 81 707
503 53 139 765
504 53 55 156
505 54 59 339
506 54 78 441
507 54 164 785
508 54 134 349
509 55 175 432
510 55 149 917
511 55 106 66
512 55 59 627
513 56 196 737
514 56 60 630
515 56 62 460
516 56 113 611
517 56 94 816
518 57 90 665
519 57 131 676
520 57 193 788
521 57 77 712
522 57 175 148
523 58 91 308
524 58 182 978
525 58 148 883
526 58 92 250
527 59 70 464
528 59 84 631
529 59 123 685
530 61 178 610
531 61 199 302
532 61 117 788
533 62 166 990
534 62 82 377
535 62 153 818
536 62 109 644
537 63 182 180
538 63 125 66
539 63 109 550
540 64 121 518
541 64 133 882
542 64 175 791
543 64 149 239
544 65 170 457
545 65 67 255
546 65 190 932
547 65 90 594
548 66 181 993
549 66 146 240
550 66 190 348
551 66 90 743
552 66 75 230
553 67 179 86
554 67 152 456
555 67 178 705
556 67 68 252
557 67 70 224
558 68 133 624
559 68 182 692
560 68 195 413
561 68 173 909
562 69 149 303
563 69 167 716
564 69 146 360
565 70 135 947
566 70 166 557
567 70 163 209
568 70 106 738
569 70 143 357
570 70 88 645
571 71 73 976
572 71 103 539
573 71 194 556
574 72 129 160
575 72 127 348
576 72 133 420
577 73 177 925
578 73 142 601
579 73 128 227
580 73 152 623
581 74 98 180
582 74 84 110
583 75 101 377
584 76 87 705
585 76 126 448
586 76 119 850
587 76 122 112
588 77 141 353
589 77 110 762
590 77 181 58
591 77 140 96
592 77 152 320
593 77 142 442
594 78 141 751
595 78 139 230
596 78 106 67
597 79 186 480
598 80 107 54
599 80 136 196
600 80 103 591
601 81 90 815
602 81 194 903
603 81 103 329
604 81 150 554
605 81 168 886
606 81 176 872
607 81 129 2
608 82 88 46
609 82 162 894
610 82 105 309
611 82 131 273
612 82 145 222
613 82 103 293
614 83 129 672
615 83 180 287
616 83 168 384
617 84 85 415
618 84 87 89
619 84 146 138
620 85 109 941
621 85 153 537
622 85 114 226
623 85 95 528
624 86 163 554
625 86 99 234
626 86 116 980
627 86 101 881
628 87 118 47
629 87 137 784
630 87 163 528
631 87 159 691
632 87 100 940
633 87 172 745
634 87 165 376
635 88 175 591
636 88 105 747
637 88 104 705
638 88 151 279
639 89 173 493
640 89 146 638
641 89 98 892
642 89 195 912
643 89 172 913
644 90 101 808
645 91 148 95
646 91 175 143
647 91 134 254
648 92 102 234
649 92 187 923
650 92 93 385
651 92 112 672
652 93 195 903
653 93 138 554
654 94 127 494
655 94 166 951
656 94 119 23
657 94 190 808
658 95 138 931
659 95 128 479
660 95 113 732
661 95 122 185
662 95 135 184
663 95 178 204
664 95 188 889
665 96 195 484
666 96 98 679
667 97 195 667
668 97 190 300
669 97 187 481
670 98 107 213
671 98 154 358
672 98 149 31
673 98 147 161
674 99 174 328
675 99 166 889
676 99 141 421
677 99 172 870
678 100 121 118
679 100 184 637
680 100 178 875
681 100 107 223
682 100 126 33
683 100 181 705
684 101 167 754
685 101 194 492
686 101 166 843
687 101 130 820
688 101 145 260
689 103 173 971
690 103 178 836
691 103 124 652
692 104 109 872
693 104 176 176
694 105 193 551
695 105 125 726
696 106 123 473
697 106 189 327
698 106 160 90
699 106 174 852
700 106 151 207
701 106 184 328
702 107 190 359
703 107 132 65
704 107 191 88
705 107 120 508
706 107 133 489
707 108 195 558
708 108 153 206
709 108 144 379
710 108 182 412
711 108 148 687
712 109 141 118
713 109 136 732
714 109 151 38
715 109 161 378
716 110 126 579
717 110 170 72
718 110 115 378
719 110 168 133
720 110 181 875
721 110 189 74
722 110 165 222
723 110 150 533
724 111 159 711
725 111 146 43
726 112 141 946
727 112 190 438
728 112 179 220
729 114 173 209
730 114 181 698
731 114 168 350
732 114 121 880
733 114 124 646
734 114 178 973
735 115 194 421
736 115 169 20
737 115 145 504
738 115 188 490
739 115 159 78
740 116 128 269
741 116 187 460
742 116 137 180
743 116 129 609
744 117 135 988
745 117 165 122
746 117 130 648
747 117 153 871
748 117 181 287
749 117 152 40
750 118 144 196
751 118 162 458
752 118 145 156
753 118 141 112
754 118 143 746
755 118 199 143
756 119 188 376
757 119 198 896
758 120 127 257
759 120 143 542
760 120 176 992
761 120 124 641
762 121 177 409
763 121 136 725
764 121 197 532
765 121 156 516
766 121 127 466
767 122 126 849
768 122 174 243
769 122 150 913
770 123 147 290
771 123 151 893
772 124 173 344
773 125 184 413
774 125 144 542
775 125 187 454
776 125 160 790
777 125 147 332
778 125 168 14
779 126 161 651
780 126 168 59
781 126 160 159
782 127 140 794
783 127 170 514
784 127 188 384
785 127 177 435
786 127 168 435
787 128 141 692
788 128 192 57
789 129 131 428
790 130 161 837
791 130 145 573
792 130 174 324
793 130 144 159
794 131 171 751
795 131 158 423
796 132 188 583
797 132 193 269
798 132 186 302
799 132 146 292
800 133 157 646
801 133 196 124
802 133 180 978
803 133 172 812
804 133 162 333
805 134 172 84
806 134 157 385
807 134 155 27
808 134 144 433
809 134 147 474
810 135 160 730
811 135 151 878
812 135 145 86
813 135 193 314
814 135 148 3
815 135 184 518
816 135 174 522
817 136 180 215
818 136 188 617
819 137 164 374
820 137 178 149
821 137 160 743
822 137 151 575
823 138 139 698
824 138 154 572
825 138 173 331
826 138 198 865
827 139 142 707
828 139 166 960
829 140 159 215
830 140 186 194
831 140 196 906
832 140 161 789
833 140 147 977
834 140 160 781
835 141 145 14
836 141 181 934
837 141 161 628
838 141 149 799
839 142 193 399
840 143 175 21
841 144 174 543
842 144 167 63
843 144 182 921
844 144 163 403
845 145 166 758
846 145 165 906
847 146 189 229
848 146 147 607
849 146 181 646
850 146 165 649
851 147 180 219
852 147 154 831
853 148 152 561
854 148 187 98
855 148 151 71
856 149 183 268
857 150 192 245
858 150 193 882
859 150 174 667
860 150 188 532
861 151 199 220
862 151 156 314
863 151 192 77
864 152 181 154
865 152 197 448
866 152 159 49
867 153 176 852
868 153 194 773
869 153 179 10
870 153 168 418
871 153 169 302
872 153 195 946
873 153 181 719
874 154 181 916
875 154 161 270
876 154 160 477
877 154 192 990
878 154 198 442
879 154 163 566
880 154 188 796
881 154 175 610
882 154 156 916
883 155 172 135
884 155 159 667
885 155 189 541
886 155 181 357
887 156 166 219
888 156 196 626
889 156 198 242
890 157 171 751
891 157 194 91
892 158 183 65
893 159 195 906
894 159 173 348
895 160 166 286
896 160 194 874
897 160 191 955
898 161 194 404
899 161 193 440
900 162 188 256
901 162 168 293
902 163 196 813
903 163 171 303
904 163 180 29
905 163 176 335
906 164 176 787
907 164 175 751
908 164 191 424
909 164 167 300
910 165 187 941
911 165 179 352
912 165 172 583
913 165 178 867
914 165 191 408
915 166 192 572
916 168 186 617
917 168 198 324
918 168 177 567
919 169 194 346
920 169 189 389
921 169 170 439
922 169 172 708
923 170 177 877
924 170 197 706
925 170 183 676
926 170 195 117
927 170 186 301
928 170 190 752
929 171 193 69
930 171 192 349
931 171 180 733
932 171 190 963
933 171 197 993
934 172 183 882
935 172 197 293
936 173 193 404
937 173 191 357
938 173 194 307
939 174 196 174
940 174 183 941
941 174 199 862
942 175 181 882
943 175 194 548
944 175 184 582
945 175 189 434
946 176 193 889
947 176 182 758
948 177 192 148
949 177 198 235
950 178 195 537
951 178 179 786
952 178 183 824
953 179 200 585
954 179 198 941
955 181 189 934
956 181 182 675
957 181 188 207
958 182 196 505
959 182 194 200
960 182 192 744
961 183 192 934
962 183 190 493
963 183 185 627
964 183 191 862
965 184 188 803
966 184 197 866
967 184 189 108
968 185 192 686
969 185 194 691
970 186 192 136
971 186 200 802
972 186 189 300
973 187 190 890
974 187 199 208
975 187 191 59
976 188 193 262
977 188 196 799
978 188 194 586
979 188 199 974
980 189 193 710
981 189 192 43
982 191 193 650
983 192 195 645
984 192 198 395
985 192 194 251
986 193 199 22
987 193 195 451
988 194 200 956
989 194 196 945
990 194 199 13
991 195 199 65
992 195 197 948
993 196 199 503
994 196 200 756
995 197 198 115
996 197 199 640
997 198 199 647
998 199 200 175
