51
176
25
2798
0 0 20 1000
1 0 7 1000
2 0 10 1000
3 0 32 1000
4 0 11 1000
5 0 17 1000
6 0 4 1000
7 0 45 1000
8 0 30 1000
9 0 33 1000
10 0 1 1000
11 0 39 1000
12 0 27 1000
13 0 49 1000
14 0 36 1000
15 0 21 1000
16 0 24 1000
17 0 42 1000
18 0 18 1000
19 0 5 1000
20 0 8 1000
21 0 31 1000
22 0 2 1000
23 0 43 1000
24 0 28 1000
25 0 47 1000
26 0 15 1000
27 0 50 1000
28 0 37 1000
29 0 14 1000
30 0 40 1000
31 0 22 1000
32 0 25 1000
33 0 12 1000
34 0 34 1000
35 0 19 1000
36 0 6 1000
37 0 46 1000
38 0 9 1000
39 0 16 1000
40 0 3 1000
41 0 44 1000
42 0 48 1000
43 0 29 1000
44 0 38 1000
45 0 41 1000
46 0 23 1000
47 0 26 1000
48 0 13 1000
49 0 35 1000
50 1 43 546
51 1 5 987
52 1 3 796
53 1 4 638
54 1 46 500
55 1 2 275
56 2 45 524
57 3 17 812
58 3 6 621
59 3 5 311
60 3 4 537
61 4 48 401
62 4 11 334
63 4 22 363
64 4 40 707
65 4 10 622
66 5 18 380
67 5 20 244
68 5 29 468
69 5 19 60
70 5 28 165
71 6 9 711
72 6 7 36
73 7 12 924
74 7 22 436
75 8 12 769
76 8 18 44
77 8 31 68
78 8 24 791
79 8 13 875
80 9 23 672
81 9 50 975
82 10 19 32
83 10 26 891
84 10 38 333
85 10 16 832
86 11 15 644
87 11 16 178
88 11 25 241
89 11 19 128
90 11 13 428
91 11 44 99
92 11 43 194
93 11 12 556
94 12 34 283
95 12 27 164
96 12 13 800
97 12 24 385
98 12 18 576
99 12 42 765
100 12 45 224
101 13 35 261
102 13 19 57
103 13 37 938
104 13 28 134
105 13 33 233
106 13 36 845
107 14 30 186
108 14 45 647
109 15 49 824
110 15 19 908
111 15 36 374
112 16 22 250
113 16 48 852
114 16 21 26
115 16 43 922
116 16 31 70
117 17 24 103
118 18 31 185
119 18 21 813
120 19 29 660
121 20 35 366
122 21 43 830
123 21 42 282
124 22 26 838
125 22 29 484
126 22 38 639
127 23 40 359
128 24 33 60
129 25 45 175
130 25 37 803
131 25 46 28
132 25 35 410
133 26 41 479
134 27 28 409
135 27 37 289
136 30 39 657
137 30 35 325
138 31 44 347
139 33 45 582
140 33 40 475
141 34 48 722
142 34 49 300
143 35 41 320
144 35 46 894
145 35 39 972
146 35 38 608
147 35 42 679
148 35 48 172
149 36 46 708
150 36 38 782
151 37 38 358
152 37 44 950
153 37 42 443
154 37 45 188
155 38 41 282
156 38 48 435
157 40 43 213
158 40 49 496
159 41 43 623
160 42 49 754
161 42 46 799
162 43 50 208
163 43 47 319
164 44 45 43
165 45 49 519
166 45 47 556
167 45 50 227
168 45 46 645
169 46 48 279
170 47 50 251
171 47 49 835
172 47 48 820
173 48 50 514
174 48 49 140
175 49 50 145
