21
65
8
877
0 0 20 1000
1 0 14 1000
2 0 7 1000
3 0 10 1000
4 0 3 1000
5 0 15 1000
6 0 17 1000
7 0 11 1000
8 0 4 1000
9 0 18 1000
10 0 12 1000
11 0 5 1000
12 0 8 1000
13 0 1 1000
14 0 13 1000
15 0 2 1000
16 0 6 1000
17 0 16 1000
18 0 9 1000
19 0 19 1000
20 1 3 83
21 1 15 864
22 1 6 78
23 1 2 823
24 1 5 856
25 1 17 106
26 1 4 845
27 1 8 573
28 1 7 637
29 2 18 84
30 2 15 867
31 3 4 314
32 4 7 220
33 4 12 653
34 4 15 559
35 5 13 893
36 5 19 197
37 5 17 89
38 5 16 528
39 5 7 301
40 6 17 578
41 6 12 413
42 6 8 951
43 6 16 427
44 7 11 153
45 7 15 495
46 7 13 129
47 7 18 418
48 7 8 841
49 8 19 588
50 8 14 694
51 9 15 412
52 9 10 981
53 10 17 702
54 10 16 414
55 11 16 235
56 13 18 91
57 15 20 665
58 15 19 185
59 16 17 442
60 16 19 493
61 17 18 854
62 18 20 872
63 18 19 713
64 19 20 315
