51
176
9
713
0 0 20 1000
1 0 7 1000
2 0 10 1000
3 0 32 1000
4 0 11 1000
5 0 17 1000
6 0 4 1000
7 0 45 1000
8 0 30 1000
9 0 33 1000
10 0 1 1000
11 0 39 1000
12 0 27 1000
13 0 49 1000
14 0 36 1000
15 0 21 1000
16 0 24 1000
17 0 42 1000
18 0 18 1000
19 0 5 1000
20 0 8 1000
21 0 31 1000
22 0 2 1000
23 0 43 1000
24 0 28 1000
25 0 47 1000
26 0 15 1000
27 0 50 1000
28 0 37 1000
29 0 14 1000
30 0 40 1000
31 0 22 1000
32 0 25 1000
33 0 12 1000
34 0 34 1000
35 0 19 1000
36 0 6 1000
37 0 46 1000
38 0 9 1000
39 0 16 1000
40 0 3 1000
41 0 44 1000
42 0 48 1000
43 0 29 1000
44 0 38 1000
45 0 41 1000
46 0 23 1000
47 0 26 1000
48 0 13 1000
49 0 35 1000
50 1 10 218
51 1 26 34
52 1 5 987
53 1 3 796
54 1 4 638
55 1 46 500
56 1 2 275
57 2 48 424
58 3 17 812
59 3 6 621
60 3 5 311
61 3 32 386
62 3 4 537
63 4 14 191
64 4 11 334
65 4 8 549
66 4 22 363
67 4 40 707
68 4 10 622
69 5 18 380
70 5 19 60
71 5 25 851
72 6 9 711
73 6 7 36
74 6 39 704
75 7 12 924
76 7 22 436
77 7 32 638
78 7 20 410
79 8 29 946
80 8 12 769
81 8 18 44
82 8 13 875
83 8 17 194
84 9 23 672
85 10 29 978
86 10 19 32
87 10 26 891
88 10 16 832
89 11 15 644
90 11 16 178
91 11 13 428
92 11 43 194
93 11 12 556
94 12 34 283
95 12 13 800
96 12 24 385
97 12 18 576
98 12 42 765
99 13 35 261
100 13 28 134
101 13 33 233
102 13 36 910
103 14 30 186
104 14 34 152
105 14 37 256
106 14 48 267
107 15 49 824
108 15 41 570
109 15 36 374
110 16 22 250
111 16 23 19
112 16 48 852
113 16 21 26
114 16 24 322
115 16 43 922
116 16 31 70
117 17 24 103
118 18 31 185
119 18 21 813
120 19 29 660
121 21 43 830
122 22 26 838
123 22 29 484
124 22 31 24
125 22 38 178
126 24 42 33
127 24 33 60
128 25 42 344
129 25 45 175
130 25 46 28
131 25 35 410
132 25 27 861
133 27 28 409
134 27 37 289
135 30 35 325
136 31 44 347
137 31 39 425
138 33 45 582
139 33 40 475
140 34 49 300
141 35 41 320
142 35 46 894
143 35 39 972
144 35 38 608
145 35 42 679
146 35 48 172
147 36 46 708
148 36 38 782
149 37 38 358
150 37 42 443
151 37 45 188
152 38 41 282
153 38 48 435
154 40 43 213
155 40 49 496
156 40 47 922
157 41 43 623
158 41 49 840
159 41 46 725
160 42 49 754
161 42 46 799
162 43 50 208
163 43 44 315
164 43 47 319
165 44 45 43
166 45 49 519
167 45 50 227
168 45 46 645
169 46 48 279
170 47 50 251
171 47 49 835
172 47 48 820
173 48 50 514
174 48 49 140
175 49 50 145
