71
260
20
1967
0 0 20 1000
1 0 7 1000
2 0 10 1000
3 0 61 1000
4 0 32 1000
5 0 11 1000
6 0 17 1000
7 0 70 1000
8 0 4 1000
9 0 55 1000
10 0 58 1000
11 0 45 1000
12 0 30 1000
13 0 67 1000
14 0 1 1000
15 0 52 1000
16 0 39 1000
17 0 66 1000
18 0 42 1000
19 0 27 1000
20 0 64 1000
21 0 14 1000
22 0 49 1000
23 0 36 1000
24 0 21 1000
25 0 24 1000
26 0 62 1000
27 0 33 1000
28 0 18 1000
29 0 5 1000
30 0 8 1000
31 0 59 1000
32 0 31 1000
33 0 68 1000
34 0 2 1000
35 0 53 1000
36 0 56 1000
37 0 43 1000
38 0 28 1000
39 0 65 1000
40 0 15 1000
41 0 50 1000
42 0 37 1000
43 0 40 1000
44 0 22 1000
45 0 25 1000
46 0 12 1000
47 0 63 1000
48 0 34 1000
49 0 26 1000
50 0 19 1000
51 0 6 1000
52 0 46 1000
53 0 9 1000
54 0 60 1000
55 0 47 1000
56 0 16 1000
57 0 69 1000
58 0 3 1000
59 0 54 1000
60 0 57 1000
61 0 44 1000
62 0 29 1000
63 0 51 1000
64 0 38 1000
65 0 41 1000
66 0 23 1000
67 0 13 1000
68 0 48 1000
69 0 35 1000
70 1 5 726
71 1 3 590
72 1 57 125
73 1 2 438
74 2 60 744
75 2 33 157
76 2 13 45
77 2 45 723
78 2 52 698
79 2 10 924
80 2 58 34
81 3 7 848
82 3 12 197
83 3 5 659
84 3 31 186
85 3 4 718
86 3 42 540
87 4 35 286
88 4 32 420
89 4 42 228
90 4 45 296
91 4 7 658
92 4 65 203
93 5 67 684
94 5 46 493
95 5 23 245
96 5 49 143
97 5 52 158
98 7 8 379
99 7 21 32
100 7 30 225
101 7 64 410
102 8 51 59
103 8 31 858
104 8 34 90
105 9 36 342
106 9 13 185
107 9 11 504
108 9 17 28
109 10 35 495
110 10 32 377
111 10 48 95
112 10 31 248
113 10 39 777
114 10 28 751
115 11 22 341
116 11 21 293
117 11 41 999
118 11 26 535
119 11 14 154
120 11 19 625
121 11 33 789
122 11 23 165
123 11 55 821
124 11 47 411
125 12 20 831
126 12 33 939
127 12 15 228
128 12 26 315
129 13 50 597
130 13 40 400
131 13 64 548
132 13 18 515
133 14 46 657
134 14 31 490
135 15 48 995
136 15 69 185
137 15 66 545
138 15 16 29
139 15 57 842
140 15 65 57
141 16 50 794
142 16 36 808
143 16 56 562
144 17 57 589
145 17 27 304
146 18 30 458
147 18 61 196
148 18 23 571
149 19 70 282
150 19 32 951
151 20 48 71
152 20 70 487
153 20 29 800
154 20 41 362
155 21 53 948
156 21 40 800
157 21 61 308
158 22 26 29
159 22 52 624
160 22 51 779
161 22 69 400
162 23 46 295
163 23 49 24
164 23 55 998
165 23 45 94
166 24 52 515
167 24 53 655
168 24 25 336
169 24 32 221
170 25 44 250
171 25 64 498
172 25 48 931
173 25 35 977
174 25 63 510
175 26 38 307
176 26 51 56
177 27 48 246
178 27 35 116
179 27 28 683
180 27 42 850
181 28 67 421
182 28 43 420
183 29 41 904
184 31 53 617
185 31 37 879
186 32 48 607
187 32 55 855
188 33 58 680
189 34 38 342
190 34 36 979
191 34 54 480
192 35 68 651
193 35 45 928
194 36 51 509
195 37 60 707
196 38 44 275
197 38 68 40
198 38 48 3
199 38 47 910
200 40 46 224
201 40 64 564
202 40 63 816
203 41 45 474
204 43 68 63
205 44 59 747
206 44 52 782
207 44 57 382
208 44 64 899
209 45 55 704
210 45 50 233
211 46 59 320
212 46 50 993
213 46 65 654
214 46 67 897
215 47 59 272
216 47 52 200
217 47 69 753
218 47 66 264
219 48 67 252
220 48 55 880
221 48 68 96
222 50 61 748
223 50 67 871
224 50 68 888
225 51 52 24
226 51 64 781
227 52 62 891
228 52 69 324
229 53 54 690
230 54 67 255
231 54 59 140
232 54 69 590
233 55 58 319
234 55 57 467
235 55 64 373
236 57 64 66
237 57 66 272
238 58 65 83
239 58 66 59
240 58 67 592
241 59 62 737
242 59 64 957
243 60 62 9
244 60 61 793
245 61 62 710
246 62 66 674
247 63 66 262
248 64 68 35
249 64 65 807
250 66 70 330
251 66 67 442
252 66 69 906
253 66 68 555
254 67 68 579
255 67 70 221
256 67 69 688
257 68 69 904
258 68 70 379
259 69 70 336
