101
400
30
2542
0 0 86 1000
1 0 89 1000
2 0 77 1000
3 0 94 1000
4 0 76 1000
5 0 98 1000
6 0 11 1000
7 0 17 1000
8 0 4 1000
9 0 55 1000
10 0 58 1000
11 0 45 1000
12 0 80 1000
13 0 67 1000
14 0 27 1000
15 0 14 1000
16 0 49 1000
17 0 36 1000
18 0 87 1000
19 0 90 1000
20 0 99 1000
21 0 18 1000
22 0 5 1000
23 0 8 1000
24 0 59 1000
25 0 46 1000
26 0 81 1000
27 0 68 1000
28 0 28 1000
29 0 50 1000
30 0 37 1000
31 0 40 1000
32 0 78 1000
33 0 100 1000
34 0 19 1000
35 0 6 1000
36 0 9 1000
37 0 69 1000
38 0 60 1000
39 0 47 1000
40 0 82 1000
41 0 72 1000
42 0 29 1000
43 0 51 1000
44 0 38 1000
45 0 41 1000
46 0 92 1000
47 0 79 1000
48 0 20 1000
49 0 7 1000
50 0 10 1000
51 0 61 1000
52 0 32 1000
53 0 83 1000
54 0 70 1000
55 0 73 1000
56 0 95 1000
57 0 30 1000
58 0 1 1000
59 0 52 1000
60 0 39 1000
61 0 66 1000
62 0 42 1000
63 0 64 1000
64 0 21 1000
65 0 24 1000
66 0 62 1000
67 0 33 1000
68 0 84 1000
69 0 71 1000
70 0 74 1000
71 0 96 1000
72 0 15 1000
73 0 93 1000
74 0 31 1000
75 0 2 1000
76 0 53 1000
77 0 56 1000
78 0 43 1000
79 0 65 1000
80 0 22 1000
81 0 25 1000
82 0 12 1000
83 0 63 1000
84 0 34 1000
85 0 85 1000
86 0 88 1000
87 0 75 1000
88 0 97 1000
89 0 91 1000
90 0 16 1000
91 0 3 1000
92 0 54 1000
93 0 57 1000
94 0 44 1000
95 0 23 1000
96 0 26 1000
97 0 13 1000
98 0 48 1000
99 0 35 1000
100 1 47 569
101 1 19 718
102 1 70 424
103 1 7 445
104 1 6 816
105 1 14 520
106 1 5 711
107 1 10 445
108 1 3 83
109 1 4 984
110 1 9 671
111 1 65 715
112 1 2 880
113 1 55 924
114 1 8 883
115 2 32 270
116 2 7 778
117 2 56 35
118 2 62 652
119 2 36 469
120 2 3 735
121 2 35 826
122 2 72 586
123 2 15 302
124 3 11 997
125 3 13 886
126 3 83 840
127 3 58 291
128 4 57 979
129 4 79 635
130 4 8 614
131 4 9 829
132 5 43 557
133 5 6 573
134 5 40 115
135 5 50 420
136 5 98 932
137 6 98 793
138 6 26 448
139 6 60 173
140 6 14 2
141 6 32 22
142 6 20 603
143 6 18 304
144 6 68 752
145 6 82 372
146 6 46 984
147 8 10 150
148 8 80 180
149 9 51 531
150 9 21 341
151 9 79 899
152 9 28 229
153 9 12 977
154 9 73 528
155 10 37 348
156 10 89 963
157 10 69 739
158 10 50 819
159 11 43 771
160 11 53 536
161 11 21 649
162 11 99 886
163 11 54 358
164 12 69 96
165 12 79 84
166 12 31 779
167 12 45 818
168 12 23 93
169 13 38 422
170 13 47 890
171 13 98 852
172 14 50 677
173 14 33 596
174 14 17 544
175 14 49 916
176 14 100 505
177 15 16 67
178 15 20 550
179 16 95 892
180 16 58 686
181 16 94 44
182 17 89 844
183 17 88 745
184 17 76 515
185 17 35 57
186 17 27 128
187 17 55 820
188 18 46 956
189 18 88 169
190 19 50 919
191 19 96 468
192 19 99 669
193 19 67 214
194 19 29 696
195 19 51 132
196 20 63 354
197 20 38 573
198 21 59 437
199 21 55 859
200 21 53 173
201 21 38 660
202 22 25 596
203 22 52 350
204 22 77 223
205 22 68 320
206 22 59 545
207 22 67 192
208 22 27 403
209 23 28 698
210 23 40 773
211 23 62 431
212 23 36 102
213 23 91 222
214 23 58 384
215 24 93 486
216 24 64 512
217 24 90 425
218 24 63 601
219 24 65 488
220 25 43 445
221 25 85 656
222 26 94 458
223 26 62 610
224 26 28 913
225 26 61 128
226 26 41 142
227 27 97 55
228 27 42 283
229 27 55 837
230 27 66 965
231 27 86 221
232 28 42 80
233 28 89 493
234 28 36 138
235 28 100 139
236 28 86 333
237 29 86 484
238 30 88 261
239 30 48 804
240 30 89 978
241 30 96 626
242 30 38 38
243 31 44 35
244 31 96 10
245 31 43 191
246 32 94 188
247 32 37 701
248 32 85 191
249 32 61 112
250 32 34 623
251 33 98 557
252 33 47 960
253 34 42 844
254 35 42 696
255 35 87 633
256 35 36 874
257 35 62 700
258 36 43 58
259 36 57 2
260 36 92 92
261 36 86 310
262 37 69 759
263 37 73 414
264 38 63 252
265 38 77 290
266 38 68 149
267 38 48 394
268 38 69 878
269 38 95 77
270 39 48 683
271 39 68 703
272 39 51 552
273 40 65 874
274 41 73 587
275 42 75 719
276 42 47 714
277 43 78 289
278 45 98 477
279 45 51 327
280 46 92 191
281 46 75 321
282 46 66 168
283 46 49 14
284 46 56 288
285 47 52 162
286 47 94 868
287 48 91 178
288 48 96 47
289 48 88 164
290 48 76 955
291 48 49 93
292 49 88 454
293 49 90 360
294 50 74 628
295 51 84 755
296 51 72 868
297 52 82 633
298 52 61 18
299 52 93 171
300 53 91 316
301 53 67 95
302 54 55 799
303 54 84 312
304 54 81 191
305 55 60 513
306 55 64 601
307 55 77 841
308 56 70 630
309 56 60 299
310 56 84 129
311 56 66 723
312 56 62 78
313 56 57 447
314 58 82 291
315 58 78 400
316 58 75 468
317 59 74 456
318 59 93 826
319 60 95 403
320 60 78 515
321 61 74 324
322 62 95 953
323 62 82 969
324 62 83 607
325 62 88 763
326 63 81 518
327 64 85 856
328 64 87 249
329 64 71 833
330 64 94 152
331 65 88 750
332 65 81 729
333 65 73 469
334 65 66 951
335 65 85 848
336 65 97 660
337 66 78 643
338 66 77 350
339 66 72 264
340 67 80 105
341 68 83 650
342 69 88 721
343 70 97 122
344 70 88 118
345 71 90 454
346 71 83 526
347 71 92 478
348 71 98 842
349 72 81 982
350 72 90 969
351 73 87 881
352 74 98 307
353 75 98 227
354 75 88 938
355 75 91 645
356 76 89 94
357 76 84 260
358 76 85 776
359 78 95 632
360 79 86 316
361 79 99 100
362 80 89 584
363 81 96 786
364 82 86 408
365 82 91 335
366 82 94 447
367 83 98 600
368 83 99 797
369 83 95 872
370 84 88 515
371 84 92 447
372 85 86 237
373 85 98 565
374 85 97 941
375 87 89 359
376 87 99 467
377 88 91 837
378 88 90 19
379 88 97 450
380 89 99 928
381 89 90 989
382 89 98 758
383 89 96 719
384 90 95 364
385 91 98 19
386 92 96 705
387 93 96 114
388 93 94 528
389 93 97 338
390 93 98 844
391 94 99 923
392 94 95 214
393 96 97 44
394 96 98 258
395 97 100 875
396 97 98 916
397 98 100 565
398 98 99 432
399 99 100 322
